STN   LAT(DEG)  LON(DEG) ELV(KM)  N90 N180 N270 N360 NARV  AV90 AV180 AV270 AV360  AVRC  AVRR COUNTRY, CITY
AAE     9.0292   38.7656   2.442   70    2    1    0   73 -0.41 -2.52  0.57  0.00 -0.46  0.12 Ethiopia, Adis                          
ABAE   13.3535   39.7635   1.447    4   46    0    0   50 -0.14 -1.00  0.00  0.00 -0.93 -0.79 Ethiopia, Abala                         
ABAR   16.9420   42.9390   0.135    0    2    0    0    2  0.00 -3.40  0.00  0.00 -3.40 -2.65 Saudi-Arabia, Abu                       
ABERE  12.1707   41.1886   0.574    0   10    4    7   21  0.00 -1.01 -0.45 -2.20 -1.30 -1.73 Ethiopia, Bergile                       
ABSE   14.8847   39.3272   2.392    2   60    0    0   62  0.89 -1.27  0.00  0.00 -1.20 -1.34 Eritrea, Abaselama                      
ACHIE  11.5979   40.0188   0.938   16    5    0    2   23 -1.82  0.42  0.00 -0.68 -1.23 -1.53 Ethiopia, Chifra                        
ADEN   12.7760   44.9830   0.041    0   19  324   40  383  0.00 -0.40 -0.31 -0.58 -0.34 -0.65 Yemen, Aden                             
ADTE   11.1221   40.7570   0.506    2    0    0    2    4 -3.22  0.00  0.00 -0.16 -1.69 -1.55 Ethiopia, Adait                         
ADYE   13.6350   38.9811   1.860    1   11    0    0   12 -3.53 -1.86  0.00  0.00 -2.00 -2.10 Ethiopia, Abi                           
AFINE  12.0681   40.3160   0.782   20   33    1    2   56 -1.39 -0.49  1.65 -1.10 -0.80 -0.86 Ethiopia, Finto                         
AFME   13.2040   40.8585  -0.058    2   16    9    3   30 -0.99 -1.58 -2.45 -2.20 -1.86 -1.80 Ethiopia, Afdera                        
AHARE  11.6072   40.8840   0.447    9    1    4    4   18 -1.29  0.32 -0.96 -1.31 -1.13 -1.52 Ethiopia, Harses                        
AKEE   10.8883   39.1680   3.235   10    0    0    0   10 -1.22  0.00  0.00  0.00 -1.22 -1.27 Ethiopia, Akesta                        
ALME    9.4300   42.0400   2.133    5    0    2   32   39  0.20  0.00 -1.91 -0.58 -0.55 -0.05 Ethiopia, Alemaya                       
ANKE    9.5927   39.7339   2.981    8    3    3    4   18 -0.55 -0.82  0.58 -0.43 -0.38 -0.30 Ethiopia, Ethiopia-Afar                 
AREEX   8.9385   39.4188   1.826    2    0    0    0    2 -0.24  0.00  0.00  0.00 -0.24  0.00 Ethiopia, Ethiopia-Afar                 
ARO    11.5253   42.8458   0.718   57    3    7   32   99 -0.63 -0.26 -1.32 -1.11 -0.82 -0.78 Djibouti, Arta                          
ART    11.5212   42.8378   0.710    0    0    0    4    4  0.00  0.00  0.00 -1.45 -1.45 -0.70 Djibouti, Arta                          
ASILE  12.4070   41.1879   0.472    0    9   10    3   22  0.00 -1.12 -1.33 -1.62 -1.29 -1.56 Ethiopia, Silsa                         
ASME   15.3500   38.9300   2.420    2   44    0    0   46 -2.68 -0.57  0.00  0.00 -0.66 -1.14 Eritrea, Asmera                         
ASYE   11.5607   41.4422   0.370   30    0    0    5   35 -1.49  0.00  0.00 -2.02 -1.56 -1.90 Ethiopia, Asayita                       
ATA    11.4537   43.2052   0.050   83    3   12   48  146 -0.47 -1.24 -1.00 -0.58 -0.57 -0.78 Djibouti, Atar                          
ATD    11.5300   42.8470   0.610  165    5   10  167  347 -1.08 -1.89 -1.49 -0.55 -0.85 -1.12 Djibouti, Arta                          
AWEE   12.0673   40.0719   0.836    5    5    0    0   10 -1.04 -1.93  0.00  0.00 -1.48 -2.13 Ethiopia, Awra                          
AWSE    8.9897   40.1700   0.921    3    0    0    0    3  0.30  0.00  0.00  0.00  0.30  0.73 Ethiopia, Awash                         
BARE   12.6443   40.3556   0.340    1   15    1    1   18 -2.34 -1.27  1.50 -0.83 -1.15 -1.32 Ethiopia, Barantu                       
BDHA   13.9750   45.5670   2.000    1   44  488   54  587  0.79 -0.16 -0.15  0.35 -0.10 -0.38 Yemen, Al                               
BTIE   11.1949   40.0218   1.659   16    0    0    2   18 -1.87  0.00  0.00 -0.38 -1.71 -1.76 Ethiopia, Bat                           
CHAE    9.3118   38.7624   2.646    2    0    0    0    2 -0.18  0.00  0.00  0.00 -0.18  0.00 Ethiopia, Ethiopia-Afar                 
DAF    11.6077   42.5292   0.270   54    5    5   21   85 -0.96 -1.81 -1.35 -0.84 -1.00 -1.06 Djibouti, Dafare                        
DAME   11.6868   40.9625   0.430    3    1    0    0    4 -1.13 -1.22  0.00  0.00 -1.15 -1.67 Ethiopia, Tendaho                       
DAMY   14.5725   44.3917   2.488    0    8   81   19  108  0.00 -0.72 -0.42 -0.64 -0.48 -0.73 Yemen, Dhamar                           
DAY    11.7527   42.6382   0.000    1    0    0    1    2 -1.33  0.00  0.00 -1.01 -1.17 -1.05 Djibouti, Day                           
DESE   11.1180   39.6352   2.538   46    3    1    3   53 -0.35 -0.16 -0.40 -1.04 -0.38 -0.57 Ethiopia, Dese                          
DHBB   14.5710   44.3900   2.460    1   49  397   43  490  1.81  0.94  0.17 -0.27  0.21 -0.38 Yemen, Dhamar                           
DHMR   14.5610   44.3870   2.429    0    7   45    4   56  0.00  1.47 -0.21  0.89  0.08 -0.49 Yemen, Dhamar                           
DICE   11.9136   41.5737   0.464    3    5    0   11   19 -2.49  0.27  0.00 -1.59 -1.24 -1.82 Ethiopia, Di                            
DIGE   12.3279   40.2734   0.675    8   14    1    2   25 -1.60 -0.95  2.27 -1.32 -1.06 -1.51 Ethiopia, Digdiga                       
E43     9.2549   39.5023   3.294    2    0    0    1    3 -0.37  0.00  0.00  2.62  0.63 -1.20 Ethiopia, Ethiopia-Afar                 
E44     9.6722   39.5249   2.831    2    0    0    0    2 -0.32  0.00  0.00  0.00 -0.32 -0.45 Ethiopia, Ethiopia-Afar                 
E70     8.8823   39.1544   2.227    2    0    0    0    2  0.06  0.00  0.00  0.00  0.06  0.35 Ethiopia, Ethiopia-Afar                 
ELLE   11.2579   40.3784   0.672   13    0    0    2   15 -1.85  0.00  0.00 -0.64 -1.68 -1.89 Ethiopia, Elwoh                         
ERTE   13.4463   40.4969  -0.005    0   11    0    0   11  0.00 -1.87  0.00  0.00 -1.87 -1.65 Ethiopia, Erta                          
FIK    11.5936   42.5101   0.100    0    0    0    4    4  0.00  0.00  0.00 -2.07 -2.07 -2.45 Djibouti, Fieale                        
FRSS   16.7383   42.1152   0.066    0   26   16    1   43  0.00 -2.07 -1.52 -0.41 -1.83 -1.80 Saudi-Arabia, Farasan                   
FRSS2  16.8520   41.7940   0.045    0    4    1    0    5  0.00 -2.22  1.70  0.00 -1.44 -1.30 Saudi-Arabia, Sair                      
FURI    8.8967   38.6783   2.560  102    1    1    0  104 -0.62 -2.14  0.24  0.00 -0.62 -0.13 Ethiopia, Furi                          
GASE   11.6813   38.9211   2.972    8    0    0    0    8 -0.93  0.00  0.00  0.00 -0.93 -1.02 Ethiopia, Gashen                        
GBR    11.1520   42.4630   0.625   77    3    6   43  129 -1.30 -1.69 -1.77 -0.76 -1.15 -1.34 Djibouti, Grand-Bara                    
GBRA   11.1520   42.4600   0.615    0    0    0    2    2  0.00  0.00  0.00 -1.52 -1.52 -1.75 Djibouti, Afar,                         
GEWE   10.0045   40.5739   0.572    6    0    0    5   11 -1.43  0.00  0.00 -1.11 -1.28 -1.35 Ethiopia, Ethiopia-Afar                 
HAJJ   15.6990   43.5990   1.650    1  190  214    6  411 -0.67 -0.24 -0.66 -1.26 -0.47 -0.05 Yemen, Hajjah                           
HARA    9.2858   43.2782   1.905    1    0    0    3    4  1.97  0.00  0.00 -1.16 -0.38  0.18 Ethiopia, HARA                          
HLD    11.5965   42.4323  -0.075   21    4    1   12   38 -1.34 -0.84 -1.70 -0.70 -1.10 -1.20 Djibouti, Halaksitan                    
HNSH   13.6935   42.7147   0.080    0    5    1    0    6  0.00  1.34  1.80  0.00  1.42 -0.58 Yemen, Hunish                           
HYNE    9.3148   42.0962   1.982    1    0    0    4    5 -3.48  0.00  0.00 -2.41 -2.63 -2.34 Ethiopia, Hara                          
I19DJ  11.4740   43.1731   0.021    4    0    1    2    7 -0.67  0.00 -1.24 -2.36 -1.24 -1.50 Djibouti, I19DJ                         
IGRE   12.2526   40.4612   0.668    0    8    0    0    8  0.00 -1.45  0.00  0.00 -1.45 -1.16 Ethiopia, AFAR0911                      
INEE    9.8954   39.1431   2.686    2    0    0    0    2  1.00  0.00  0.00  0.00  1.00 -0.90 Ethiopia, Ethiopia-Afar                 
JIZN   16.9590   42.8250   0.100    0    1    1    0    2  0.00  0.62 -3.25  0.00 -1.32 -0.70 Saudi-Arabia, Jizan                     
KAMRY  15.3327   42.6158   0.023    0    0    2    0    2  0.00  0.00  1.24  0.00  1.24  1.40 Yemen, Kamaran                          
KARAX  10.4224   39.9348   1.753    0    0    0    2    2  0.00  0.00  0.00 -0.02 -0.02 -1.65 Ethiopia, Ethiopian                     
KOBE   12.1506   39.6298   1.508    7    2    0    0    9 -1.27 -1.71  0.00  0.00 -1.37 -1.64 Ethiopia, Kobo                          
KORE   10.4265   39.9344   1.774    8    0    0    0    8 -1.57  0.00  0.00  0.00 -1.57 -1.60 Ethiopia, Kare                          
KOZE   12.4948   40.9850   0.541    0   33    1    0   34  0.00 -0.74 -2.53  0.00 -0.79 -0.79 Ethiopia, AFAR0911                      
KSDD   11.5349   42.4453   0.378    0    0    0    4    4  0.00  0.00  0.00 -1.81 -1.81 -1.97 Djibouti, Koussour                      
KSU    11.5335   42.4463   0.370   20    6    1   20   47 -1.45 -1.38 -1.34 -1.02 -1.26 -1.13 Djibouti, Koussour                      
LALE   12.0258   39.0375   2.422   11    3    0    0   14 -0.66 -3.00  0.00  0.00 -1.16 -1.52 Ethiopia, Lalibel                       
LARD   11.5787   42.5066   0.100    1    0    0    5    6 -1.14  0.00  0.00 -1.52 -1.46 -1.60 Djibouti, Lac                           
LBOS   13.8710   45.2490   2.325    1   41  356   36  434  0.96  0.01 -0.12  0.12 -0.09 -0.48 Yemen, 13.87100                         
LDLD   11.5837   42.4985   0.137    9    4    3   16   32 -0.74 -0.94 -1.72 -1.12 -1.05 -1.27 Djibouti, Lac                           
LULE   11.9892   40.7037   0.611   10   17    0    0   27 -1.07  0.05  0.00  0.00 -0.37 -0.27 Ethiopia, AFAR0911                      
LYDE   12.0545   41.9257   0.435    3    4    0    4   11 -0.02 -0.04  0.00 -1.05 -0.40 -1.29 Ethiopia, Elidar                        
MAOD   12.0944   42.2253   0.329    2   16    3   17   38 -1.63 -1.17 -2.20 -1.63 -1.48 -1.80 Djibouti, Malaho                        
MARB   15.4640   45.3200   1.120    0    1    9    0   10  0.00  1.14 -0.73  0.00 -0.54 -0.26 Yemen, Ma'rib                           
MAYE   12.7832   39.5343   2.440    4   41    0    0   45 -1.09 -1.14  0.00  0.00 -1.13 -0.87 Ethiopia, Mayche                        
MCAD   11.7303   43.2120   0.004   20    4    6   15   45 -0.52 -0.29 -0.82 -0.38 -0.49 -0.70 Djibouti, Moucha                        
MIEE    9.2416   40.7581   1.349    1    0    0    1    2 -1.03  0.00  0.00 -1.26 -1.14 -1.15 Ethiopia, Ethiopia-Afar                 
MILE   11.4238   40.7650   0.489    9    0    4    7   20 -1.86  0.00 -0.89 -1.88 -1.67 -1.85 Ethiopia, Mille                         
MISE    9.2369   40.7591   1.310    4    0    0    5    9 -2.66  0.00  0.00 -1.40 -1.96 -1.56 Ethiopia, Meis                          
MKL    11.7123   43.1498   0.005   10    0    4   13   27 -0.91  0.00 -1.28 -0.70 -0.86 -0.93 Djibouti, Maskali                       
OBO    11.9853   43.2917   0.040   27   32   24   44  127 -1.13 -0.76 -0.84 -1.02 -0.94 -0.99 Djibouti, Obock                         
ODK    11.5932   42.4901   0.100    0    0    0    2    2  0.00  0.00  0.00 -1.86 -1.86 -2.25 Djibouti, Oud                           
QATE    9.3753   41.4691   2.148    0    0    0    6    6  0.00  0.00  0.00 -1.16 -1.16 -0.80 Ethiopia, Kobo                          
RADA   14.4390   44.8530   2.353    0    0    2    1    3  0.00  0.00 -2.51  0.47 -1.51 -1.70 Yemen, Ahram                            
RODE   12.8415   40.9826   0.047    0    2    4    0    6  0.00  1.00 -2.53  0.00 -1.35 -1.43 Ethiopia, Road                          
SADA   16.9330   43.7500   1.850    0    2    5    0    7  0.00  0.08  0.75  0.00  0.56  1.17 Yemen, Sad`ah                           
SANA   15.3870   44.2050   2.280    1    7   57    3   68  0.92 -0.26 -0.90  0.41 -0.75 -0.80 Yemen, San`a                            
SEHE   12.0401   40.9769   0.358    6   30    0   10   46 -1.25 -0.81  0.00 -1.65 -1.05 -1.27 Ethiopia, Saha                          
SEKE   12.6217   39.0334   2.264    3    9    0    0   12 -1.24 -1.46  0.00  0.00 -1.40 -1.83 Ethiopia, Sekot                         
SENE    9.1466   39.0166   2.560    2    0    0    0    2 -0.22  0.00  0.00  0.00 -0.22  0.00 Ethiopia, Ethiopia-Afar                 
SGH    11.4370   42.6307   0.700  104    6    8   50  168 -1.09 -0.98 -1.31 -1.05 -1.08 -1.15 Djibouti, Sud-Ghoubbet                  
SMRE   13.1977   39.2111   1.977    2    3    0    0    5 -0.23 -1.56  0.00  0.00 -1.03 -1.14 Ethiopia, Semr                          
SRDE   11.9579   41.3100   0.392    3    0    0   10   13 -1.32  0.00  0.00 -1.62 -1.55 -1.85 Ethiopia, Serd                          
TDD    11.8037   42.9070   0.110   86   15   10   40  151 -0.67 -0.99 -0.88 -1.12 -0.83 -0.99 Djibouti, Tadjoura                      
TDJ    11.7955   42.8888   0.060    0    1    1    4    6  0.00 -2.57  0.14 -1.55 -1.44 -0.95 Djibouti, Tadjoura                      
TEND   11.7925   41.0043   0.419   27    9    6   15   57 -0.65 -0.80 -0.55 -1.19 -0.81 -0.96 Ethiopia, Ethiopian                     
TRBA   13.2310   44.1150   1.860    5   69  171   50  295  0.65 -0.05  0.01 -0.28 -0.05 -0.43 Yemen, At                               
TRUE   12.4841   40.3161   0.377    4   18    2    3   27 -1.79 -0.74  3.07 -1.36 -0.68 -1.20 Ethiopia, Teru                          
TRUE2  12.4812   40.3148   0.378    0   31    0    0   31  0.00 -0.69  0.00  0.00 -0.69 -0.48 Ethiopia, AFAR09-11,                    
UDY    13.9670   43.9900   1.313    0    0    2    0    2  0.00  0.00  0.31  0.00  0.31  0.70 Yemen, Yemen,                           
UDYN   13.9670   43.9670   1.370    7  207  344   63  621 -0.79  0.36  0.15 -0.21  0.18 -0.51 Yemen, Al                               
WLDE   11.8243   39.5874   1.879    5    0    0    0    5 -0.89  0.00  0.00  0.00 -0.89 -1.42 Ethiopia, Waldi                         
WNDE    7.0979   38.6349   1.841    9    0    0    0    9 -0.29  0.00  0.00  0.00 -0.29  0.46 Ethiopia, Wendo                         
WUCE   11.5116   39.6064   1.912    3    0    0    0    3 -0.54  0.00  0.00  0.00 -0.54 -1.03 Ethiopia, Wuchale                       
ZUQR   13.9848   42.7508   0.171    0   18    1    0   19  0.00  0.34  1.67  0.00  0.41 -0.97 Yemen, Zugar                            
