
--- GRID POINTS---
  LAT  LON  DEP
   21   19   11
   7.00   7.50   8.00   8.50   9.00   9.50  10.00  10.50  11.00  11.50
  12.00  12.50  13.00  13.50  14.00  14.50  15.00  15.50  16.00  16.50
  17.00
 
  38.00  38.50  39.00  39.50  40.00  40.50  41.00  41.50  42.00  42.50
  43.00  43.50  44.00  44.50  45.00  45.50  46.00  46.50  47.00
 
   2.00   5.00  10.00  15.00  20.00  25.00  30.00  35.00  40.00  50.00
  70.00

 BEFORE REORDER
  NUMBER OF DATA                         6361
  NUMBER OF NON-ZERO ELEMENTS IN A     344884
  NUMBER OF NON-ZERO ELEMENTS/PER RAY   54.22

 AFTER REORDER
  NUMBER OF DATA (MATRIX A ROWS)         6359
  GRID UNKNOWNS  (MATRIX A COLS)         1567
  NON-ZERO ELEMENTS > MINOBS IN A      328114

LEAST-SQUARES SOLUTION (LSQR) OF  A*X = B
MAX ITERATIONS     =   400
DAMPING PARAMETER  =  20.0


            X(1)        X(2)        X(3)        X(4)   RNORM
   1   -0.000035   -0.000005    0.000240    0.000039    66.016
   2   -0.000112    0.000110    0.001064    0.000170    64.582
   3   -0.000214    0.000419    0.002648    0.000429    63.676
   4   -0.000306    0.000857    0.005333    0.000869    62.898
   5   -0.000266    0.001138    0.007307    0.001190    62.563
   6   -0.000098    0.001553    0.009708    0.001579    62.289
   7    0.000163    0.001819    0.011086    0.001786    62.191
   8    0.000555    0.002070    0.012294    0.001951    62.126
   9    0.000792    0.002160    0.012672    0.001990    62.106
  10    0.000932    0.002208    0.012827    0.002001    62.098
  11    0.001359    0.002348    0.013032    0.001991    62.083
  12    0.001659    0.002489    0.013083    0.001968    62.076
  13    0.001830    0.002604    0.013068    0.001949    62.074
  14    0.001958    0.002702    0.013045    0.001934    62.073
  15    0.002059    0.002789    0.013015    0.001921    62.073
  16    0.002081    0.002811    0.013007    0.001918    62.073
  17    0.002113    0.002845    0.012995    0.001913    62.073
  18    0.002138    0.002878    0.012985    0.001909    62.073
  19    0.002174    0.002930    0.012974    0.001905    62.073
  20    0.002198    0.002973    0.012971    0.001903    62.073
  21    0.002207    0.002993    0.012969    0.001902    62.073
  22    0.002215    0.003011    0.012967    0.001901    62.073
  23    0.002220    0.003024    0.012967    0.001901    62.073
  24    0.002222    0.003027    0.012967    0.001901    62.073
  25    0.002225    0.003034    0.012967    0.001901    62.073
  26    0.002227    0.003039    0.012967    0.001901    62.073
  27    0.002228    0.003040    0.012967    0.001902    62.073
  28    0.002228    0.003041    0.012968    0.001902    62.073
  29    0.002229    0.003041    0.012968    0.001902    62.073
  30    0.002229    0.003041    0.012969    0.001902    62.073
  31    0.002229    0.003041    0.012969    0.001902    62.073
  32    0.002229    0.003041    0.012969    0.001902    62.073
  33    0.002229    0.003041    0.012969    0.001903    62.073
  34    0.002229    0.003040    0.012969    0.001903    62.073
  35    0.002229    0.003040    0.012969    0.001903    62.073
  36    0.002229    0.003040    0.012969    0.001903    62.073
  37    0.002229    0.003040    0.012969    0.001903    62.073
  38    0.002229    0.003040    0.012969    0.001903    62.073
  39    0.002229    0.003040    0.012969    0.001903    62.073
  40    0.002229    0.003040    0.012969    0.001903    62.073
  41    0.002229    0.003040    0.012969    0.001903    62.073
  42    0.002229    0.003040    0.012969    0.001903    62.073
  43    0.002229    0.003040    0.012969    0.001903    62.073
  44    0.002229    0.003040    0.012969    0.001903    62.073
  45    0.002229    0.003040    0.012969    0.001903    62.073
  46    0.002229    0.003040    0.012969    0.001903    62.073
  47    0.002229    0.003040    0.012969    0.001903    62.073
  48    0.002229    0.003040    0.012969    0.001903    62.073
  49    0.002229    0.003040    0.012969    0.001903    62.073
  50    0.002229    0.003040    0.012969    0.001903    62.073
  51    0.002229    0.003040    0.012969    0.001903    62.073
  52    0.002229    0.003040    0.012969    0.001903    62.073
  53    0.002229    0.003040    0.012969    0.001903    62.073
  54    0.002229    0.003040    0.012969    0.001903    62.073
  55    0.002229    0.003040    0.012969    0.001903    62.073
  56    0.002229    0.003040    0.012969    0.001903    62.073
  57    0.002229    0.003040    0.012969    0.001903    62.073
  58    0.002229    0.003040    0.012969    0.001903    62.073
  59    0.002229    0.003040    0.012969    0.001903    62.073
  60    0.002229    0.003040    0.012969    0.001903    62.073
                                                            

 ITR        X(1)    FUNCTION  COMPATIBLE INCOMPATIBLE   NORM(ABAR)   COND(ABAR)
  60    0.002229   62.072578    0.905174    0.000000   786.933777   124.324730

 NUMBER OF ITERATIONS =    60
 STOPPING CONDITION   =     5

LEAST-SQRS SOLN IS GOOD ENOUGH

 TOTAL NUMBER OF OBSERVATIONS         =     6359
 TOTAL NUMBER OF MODEL ETERS          =     1567
 NORM OF SOLUTION (VEL MODEL IN %)    =   0.7272
 TOTAL MODEL RMS(%)                   =   0.0184
 TOTAL RMS TRAVEL TIME RESIDUAL (SEC) =   0.3030
 SUM OF SQUARED RESIDUALS (SEC*SEC)   =  3853.00

    NSTA    NEQS    NDAT     NAP     NAS    NAPS
     106    1030    6361    6361    3109    9470

 MIN-ELAT MAX-ELAT  MIN-ELON  MAX-ELON MIN-DEP MAX-DEP MIN-MAG MAX-MAG
   7.4175  16.9269   38.6079   46.9130    0.00   67.00     3.0     6.2

 MIN-SLAT MAX-SLAT  MIN-SLON  MAX-SLON MIN-ELV MAX-ELV MIN-DXD MAX-DXD
   7.0979  16.9590   38.6349   45.5670 -0.0750  3.2940    5.19  997.05
